
double window[11][11] = {
  {1.05756559815326e-06,	7.81441153305360e-06,	3.70224770827489e-05,	0.000112464355116679,	0.000219050652866017,	0.000273561160085806,	0.000219050652866017,	0.000112464355116679,	3.70224770827489e-05,	7.81441153305360e-06,	1.05756559815326e-06},
  {7.81441153305360e-06,	5.77411251978637e-05,	0.000273561160085806,	0.000831005429087199,	0.00161857756253439,	0.00202135875836257,	0.00161857756253439,	0.000831005429087199,	0.000273561160085806,	5.77411251978637e-05,	7.81441153305360e-06},
  {3.70224770827489e-05,	0.000273561160085806,	0.00129605559384320,	0.00393706926284679,	0.00766836382523672,	0.00957662749024029,	0.00766836382523672,	0.00393706926284679,	0.00129605559384320,	0.000273561160085806,	3.70224770827489e-05},
  {0.000112464355116679,	0.000831005429087199,	0.00393706926284679,	0.0119597604100370,	  0.0232944324734871,	  0.0290912256485504,	  0.0232944324734871,	  0.0119597604100370,	  0.00393706926284679,	0.000831005429087199,	0.000112464355116679},
  {0.000219050652866017,	0.00161857756253439,	0.00766836382523672,	0.0232944324734871,	  0.0453713590956603,	  0.0566619704916846,	  0.0453713590956603,	  0.0232944324734871,	  0.00766836382523672,	0.00161857756253439,	0.000219050652866017},
  {0.000273561160085806,	0.00202135875836257,	0.00957662749024029,	0.0290912256485504,	  0.0566619704916846,	  0.0707622377639470,	  0.0566619704916846,	  0.0290912256485504,	  0.00957662749024029,	0.00202135875836257,	0.000273561160085806},
  {0.000219050652866017,	0.00161857756253439,	0.00766836382523672,	0.0232944324734871,	  0.0453713590956603,	  0.0566619704916846,	  0.0453713590956603,	  0.0232944324734871,	  0.00766836382523672,	0.00161857756253439,	0.000219050652866017},
  {0.000112464355116679,	0.000831005429087199,	0.00393706926284679,	0.0119597604100370,	  0.0232944324734871,	  0.0290912256485504,	  0.0232944324734871,	  0.0119597604100370,	  0.00393706926284679,	0.000831005429087199,	0.000112464355116679},
  {3.70224770827489e-05,	0.000273561160085806,	0.00129605559384320,	0.00393706926284679,	0.00766836382523672,	0.00957662749024029,	0.00766836382523672,	0.00393706926284679,	0.00129605559384320,	0.000273561160085806,	3.70224770827489e-05},
  {7.81441153305360e-06,	5.77411251978637e-05,	0.000273561160085806,	0.000831005429087199,	0.00161857756253439,	0.00202135875836257,	0.00161857756253439,	0.000831005429087199,	0.000273561160085806,	5.77411251978637e-05,	7.81441153305360e-06},
  {1.05756559815326e-06,	7.81441153305360e-06,	3.70224770827489e-05,	0.000112464355116679,	0.000219050652866017,	0.000273561160085806,	0.000219050652866017,	0.000112464355116679,	3.70224770827489e-05,	7.81441153305360e-06,	1.05756559815326e-06}
};
